SM:2022-12-11T19:12:48.8213375Z
LM:2022-12-11T19:12:52.4479142Z
CT:image/jpeg
MA:2592000
CL:416389
